0.701523
0.412694
0.425642
0.945611
0.155856
0.603430
0.764021
0.671426
0.805999
0.043595
0.826037
0.671426
0.074392
0.252987
0.949372
0.307210
0.607193
0.697777
0.113789
0.514960
0.749572
0.458989
0.912822
0.168645
0.143896
0.132727
0.986579
0.851543
0.345794
0.000951
0.802592
0.525767
0.933452
0.101443
0.562369
0.017247
0.331650
0.027444
0.271802
0.432202
0.883966
0.323358
0.875455
0.049380
0.096232
0.984847
0.922337
0.857680
0.686506
0.767601
0.435503
0.428915
0.771169
0.051654
0.483108
0.988931
0.384425
0.255283
0.077690
0.059721
0.163750
0.897555
0.607193
0.419139
0.428915
0.554984
0.981996
0.998703
0.000174
0.001101
0.009235
0.525767
0.723873
0.562369
0.701523
0.875455
0.603430
0.193124
0.663870
0.123574
0.826037
0.131385
0.543964
0.122312
0.357396
0.490109
0.425642
0.792264
0.354472
0.442146
0.543964
0.842153
0.745931
0.320626
0.061059
0.122312
0.956450
0.123574
0.051654
0.709000
0.026182
0.294200
0.006424
0.792264
0.690268
0.255283
0.504245
0.667649
0.490109
0.554984
0.618499
0.958127
0.246194
0.469251
0.334447
0.490109
0.279123
0.185849
0.180542
0.618499
0.675201
0.522155
0.184066
0.809388
0.826037
0.060387
0.678972
0.690268
0.097255
0.419139
0.241744
0.738617
0.971543
0.682741
0.000148
0.522155
0.257595
0.299355
0.435503
0.734945
0.289109
0.157409
0.337259
0.357396
0.764021
0.109155
0.781785
0.562369
