		  NONPERIODIC TEMPLATES TEST
-------------------------------------------------------------------------------------
		  COMPUTATIONAL INFORMATION
-------------------------------------------------------------------------------------
	LAMBDA = 3.812500	M = 1960	N = 8	m = 9	n = 15680
-------------------------------------------------------------------------------------
		F R E Q U E N C Y
Template   W_1  W_2  W_3  W_4  W_5  W_6  W_7  W_8    Chi^2   P_value Assignment Index
-------------------------------------------------------------------------------------
000000001    3    3    6    6    2    5    6    4  5.513684 0.701523 SUCCESS   0
000000011    1    4    2    7    5    6    5    5  8.215642 0.412694 SUCCESS   1
000000101    3    4    3    8    4    6    6    5  8.080544 0.425642 SUCCESS   2
000000111    3    4    3    5    5    6    5    4  2.811725 0.945611 SUCCESS   3
000001001    4    3    5    8    2    2    2    0 11.897060 0.155856 SUCCESS   4
000001011    4    3    7    6    2    5    4    2  6.391820 0.603430 SUCCESS   5
000001101    3    5    3    5    6    4    5    1  4.939518 0.764021 SUCCESS   6
000001111    1    2    3    4    4    5    2    6  5.783880 0.671426 SUCCESS   7
000010001    5    4    2    2    2    3    6    4  4.534224 0.805999 SUCCESS   8
000010011    8    6    1    4    6    0    1    5 15.916223 0.043595 SUCCESS   9
000010101    3    1    2    4    5    3    3    5  4.331577 0.826037 SUCCESS  10
000010111    5    1    4    2    2    6    4    3  5.783880 0.671426 SUCCESS  11
000011001    4   10    2    4    4    1    2    4 14.295048 0.074392 SUCCESS  12
000011011    3    8    5    6    5    3    1    2 10.174562 0.252987 SUCCESS  13
000011101    3    2    5    5    3    3    5    3  2.744176 0.949372 SUCCESS  14
000011111    3    1    2    4    6    2    6    7  9.431523 0.307210 SUCCESS  15
000100011    5    3    3    2    4    1    6    6  6.358046 0.607193 SUCCESS  16
000100101    2    3    4    2    1    3    5    2  5.547458 0.697777 SUCCESS  17
000100111    4    7    0    2    0    3    5    2 12.944069 0.113789 SUCCESS  18
000101001    1    3    4    3    2    3    2    7  7.202408 0.514960 SUCCESS  19
000101011    4    1    5    6    2    3    3    4  5.074616 0.749572 SUCCESS  20
000101101    2    0    2    3    6    4    3    5  7.742799 0.458989 SUCCESS  21
000101111    6    3    4    2    3    5    5    4  3.318343 0.912822 SUCCESS  22
000110011    8    6    6    5    2    1    2    4 11.626865 0.168645 SUCCESS  23
000110101    3    2    2    3    9    6    6    3 12.167256 0.143896 SUCCESS  24
000110111    1    8    6    1    3    2    2    3 12.437452 0.132727 SUCCESS  25
000111001    3    3    3    3    4    3    4    2  1.798491 0.986579 SUCCESS  26
000111011    4    4    6    6    4    2    5    3  4.061381 0.851543 SUCCESS  27
000111101    1    5    5    1    2    4    2    1  8.958681 0.345794 SUCCESS  28
000111111    0    3    3    5    7    1    7   11 26.251214 0.000951 FAILURE  29
001000011    2    7    4    4    3    3    3    5  4.567998 0.802592 SUCCESS  30
001000101    5    3    3    4    6    7    1    3  7.101084 0.525767 SUCCESS  31
001000111    4    6    3    5    5    4    5    5  3.014372 0.933452 SUCCESS  32
001001011    2    5    7    2    0    3    5    0 13.315589 0.101443 SUCCESS  33
001001101    8    4    3    5    5    2    3    4  6.763340 0.562369 SUCCESS  34
001001111    2    9    0    0    4    5    2    6 18.584407 0.017247 SUCCESS  35
001010011    5    5    4    8    4    6    1    3  9.127553 0.331650 SUCCESS  36
001010101    2    3    3    2    7    9    5    8 17.267203 0.027444 SUCCESS  37
001010111    4    3    2    7    1    4    0    4  9.904366 0.271802 SUCCESS  38
001011011    1    1    5    5    6    6    4    5  8.012995 0.432202 SUCCESS  39
001011101    5    3    6    3    4    6    3    3  3.689862 0.883966 SUCCESS  40
001011111    3    6    2    3    4    4    7    0  9.228877 0.323358 SUCCESS  41
001100101    5    2    3    4    3    2    5    2  3.791185 0.875455 SUCCESS  42
001100111   10    4    4    2    3    3    0    4 15.544704 0.049380 SUCCESS  43
001101011    8    1    6    4    8    5    4    3 13.484461 0.096232 SUCCESS  44
001101101    4    4    4    6    3    3    3    4  1.866040 0.984847 SUCCESS  45
001101111    4    6    5    4    4    6    3    4  3.183245 0.922337 SUCCESS  46
001110101    4    1    3    5    4    4    5    2  3.993832 0.857680 SUCCESS  47
001110111    5    2    7    2    4    3    5    3  5.648782 0.686506 SUCCESS  48
001111011    2    7    4    2    3    4    3    4  4.905743 0.767601 SUCCESS  49
001111101    2    3    0    5    4    6    4    6  7.979221 0.435503 SUCCESS  50
001111111    3    4    6    3    5    2    5    8  8.046770 0.428915 SUCCESS  51
010000011    2    3    3    3    6    2    5    2  4.871969 0.771169 SUCCESS  52
010000111    1    6    3    3    5    4    2   10 15.409606 0.051654 SUCCESS  53
010001011    6    4    2    2    6    7    5    4  7.506378 0.483108 SUCCESS  54
010001111    4    4    2    5    4    4    4    5  1.697168 0.988931 SUCCESS  55
010010011    2    3    5    0    7    4    4    5  8.519612 0.384425 SUCCESS  56
010010111    3    5    8    4    1    5    3    1 10.140787 0.255283 SUCCESS  57
010011011    6    2    3   10    2    4    3    5 14.159951 0.077690 SUCCESS  58
010011111    1    7    1    4    2    8    1    3 14.970538 0.059721 SUCCESS  59
010100011    7    5    1    2    4    1    6    1 11.728188 0.163750 SUCCESS  60
010100111    3    4    4    5    4    7    3    4  3.520989 0.897555 SUCCESS  61
010101011    3    3    3    2    4    6    2    7  6.358046 0.607193 SUCCESS  62
010101111    4    3    2    7    2    6    1    4  8.148093 0.419139 SUCCESS  63
010110011    4    2    3    4    1    4    0    2  8.046770 0.428915 SUCCESS  64
010110111    4    3    4    7    5    5    7    5  6.830888 0.554984 SUCCESS  65
010111011    3    3    3    2    3    3    4    3  1.967363 0.981996 SUCCESS  66
010111111    3    3    4    3    4    3    4    3  0.920355 0.998703 SUCCESS  67
011000111    6    6   11    1    8    1    3    8 30.473024 0.000174 FAILURE  68
011001111   10    4    3    4    3    2    0   10 25.879695 0.001101 FAILURE  69
011010111    5    0    5    3    9    4    9    2 20.306906 0.009235 FAILURE  70
011011111    2    6    7    2    4    5    4    2  7.101084 0.525767 SUCCESS  71
011101111    3    3    7    2    5    5    5    3  5.311037 0.723873 SUCCESS  72
011111111    1    5    5    2    4    6    6    5  6.763340 0.562369 SUCCESS  73
100000000    3    3    6    6    2    5    6    4  5.513684 0.701523 SUCCESS  74
100010000    2    3    4    5    4    3    4    1  3.791185 0.875455 SUCCESS  75
100100000    1    4    6    6    3    3    4    6  6.391820 0.603430 SUCCESS  76
100101000    6    1    2    2    2    3    7    1 11.154022 0.193124 SUCCESS  77
100110000    6    5    3    5    6    4    1    3  5.851429 0.663870 SUCCESS  78
100111000    2    9    2    6    2    2    5    3 12.673873 0.123574 SUCCESS  79
101000000    3    2    4    6    2    2    4    3  4.331577 0.826037 SUCCESS  80
101000100    8    4    0    1    4    3    6    3 12.471227 0.131385 SUCCESS  81
101001000    2    7    5    6    2    3    3    5  6.932212 0.543964 SUCCESS  82
101001100    4    2    8    7    6    4    1    2 12.707648 0.122312 SUCCESS  83
101010000    4    1    1    4    7    4    2    2  8.823583 0.357396 SUCCESS  84
101010100    3    3    2    2    8    5    4    3  7.438829 0.490109 SUCCESS  85
101011000    6    3    7    2    4    6    5    6  8.080544 0.425642 SUCCESS  86
101011100    3    4    2    5    3    2    4    1  4.669322 0.792264 SUCCESS  87
101100000    5    2    3    5    0    3    7    3  8.857357 0.354472 SUCCESS  88
101100100    2    2    4    3    2    7    3    1  7.911672 0.442146 SUCCESS  89
101101000    4    3    1    7    5    4    6    3  6.932212 0.543964 SUCCESS  90
101101100    4    3    3    1    5    4    5    2  4.162705 0.842153 SUCCESS  91
101110000    6    3    5    3    6    2    4    2  5.108390 0.745931 SUCCESS  92
101110100    2    2    8    5    4    6    3    2  9.262651 0.320626 SUCCESS  93
101111000    1    5    8    3    4    9    4    3 14.902989 0.061059 SUCCESS  94
101111100    1    7    6    6    1    3    7    3 12.707648 0.122312 SUCCESS  95
110000000    5    4    3    4    3    6    3    5  2.609079 0.956450 SUCCESS  96
110000010    5    4    4    8    6    1    3    0 12.673873 0.123574 SUCCESS  97
110000100   10    7    2    2    3    3    3    4 15.409606 0.051654 SUCCESS  98
110001000    2    5    4    3    7    2    3    3  5.446135 0.709000 SUCCESS  99
110001010    2    3    4    1    2    8    6    9 17.402301 0.026182 SUCCESS 100
110010000    3    4    3    4    3    2    2    9  9.600396 0.294200 SUCCESS 101
110010010    3    7    1    3    0   10    2    2 21.286366 0.006424 FAILURE 102
110010100    5    2    3    5    2    3    2    2  4.669322 0.792264 SUCCESS 103
110011000    4    2    6    4    5    2    1    4  5.615007 0.690268 SUCCESS 104
110011010    2    3    6    8    2    2    2    5 10.140787 0.255283 SUCCESS 105
110100000    1    4    2    2    1    3    3    2  7.303731 0.504245 SUCCESS 106
110100010    6    3    3    1    5    3    6    3  5.817654 0.667649 SUCCESS 107
110100100    1    7    6    3    3    4    2    4  7.438829 0.490109 SUCCESS 108
110101000    5    2    1    4    5    2    4    1  6.830888 0.554984 SUCCESS 109
110101010    4    3    2    2    5    2    1    2  6.256722 0.618499 SUCCESS 110
110101100    5    3    3    2    3    4    5    5  2.575304 0.958127 SUCCESS 111
110110000    5    1    1    6    1    4    6    2 10.275885 0.246194 SUCCESS 112
110110010    4    4    5    5    6    6    1    1  7.641476 0.469251 SUCCESS 113
110110100    5    7    4    6    4    5    1    1  9.093779 0.334447 SUCCESS 114
110111000    7    2    3    2    5    2    6    3  7.438829 0.490109 SUCCESS 115
110111010    1    3    8    5    6    3    2    4  9.803043 0.279123 SUCCESS 116
110111100    3    6    5    2    4    9    2    5 11.289120 0.185849 SUCCESS 117
111000000    4    5    5    5    8    8    5    5 11.390443 0.180542 SUCCESS 118
111000010    3    4    2    1    1    2    4    4  6.256722 0.618499 SUCCESS 119
111000100    2    4    4    1    4    1    5    3  5.750105 0.675201 SUCCESS 120
111000110    5    6    7    1    4    4    3    5  7.134859 0.522155 SUCCESS 121
111001000    6    4    8    6    2    3    3    7 11.322894 0.184066 SUCCESS 122
111001010    3    2    2    4    5    5    2    2  4.500449 0.809388 SUCCESS 123
111001100    4    1    4    4    4    4    1    4  4.331577 0.826037 SUCCESS 124
111010000    0    3    4    2    2    2    2    9 14.936764 0.060387 SUCCESS 125
111010010    6    5    6    4    2    6    3    5  5.716331 0.678972 SUCCESS 126
111010100    5    1    5    3    4    5    1    4  5.615007 0.690268 SUCCESS 127
111010110    4    5    3    3    3    6   10    2 13.450686 0.097255 SUCCESS 128
111011000    3    4    2    5    0    4    7    4  8.148093 0.419139 SUCCESS 129
111011010    5    5    4    4    8    2    4    0 10.343434 0.241744 SUCCESS 130
111011100    3    2    2    2    4    4    3    1  5.175939 0.738617 SUCCESS 131
111100000    4    4    4    6    5    5    3    4  2.271334 0.971543 SUCCESS 132
111100010    4    4    5    1    5    6    6    3  5.682556 0.682741 SUCCESS 133
111100100    7   11    6    6    2    6    1    9 30.878318 0.000148 FAILURE 134
111100110    6    2    3    7    6    3    3    5  7.134859 0.522155 SUCCESS 135
111101000    4    4    1    3    4    2    1    8 10.107013 0.257595 SUCCESS 136
111101010    5    3    1    2    2    3    1    7  9.532847 0.299355 SUCCESS 137
111101100    2    6    2    3    1    6    4    6  7.979221 0.435503 SUCCESS 138
111101110    1    2    4    4    4    5    2    2  5.209713 0.734945 SUCCESS 139
111110000    3    5    1    7    7    3    4    6  9.667945 0.289109 SUCCESS 140
111110010    5    7    7    7    2    6    2    3 11.863286 0.157409 SUCCESS 141
111110100    3    3    0    3    6    5    3    7  9.060004 0.337259 SUCCESS 142
111110110    2    3    2    2    3    3    8    2  8.823583 0.357396 SUCCESS 143
111111000    4    2    3    5    7    3    3    5  4.939518 0.764021 SUCCESS 144
111111010    2    3    2    2    6    5    6    9 13.079167 0.109155 SUCCESS 145
111111100    6    5    6    3    5    3    3    2  4.770645 0.781785 SUCCESS 146
111111110    1    5    5    2    4    6    6    5  6.763340 0.562369 SUCCESS 147

