0.788787
0.032323
0.675201
0.419139
0.490109
0.738617
0.363293
0.111450
0.078535
0.264627
0.547629
0.196848
0.788787
0.536658
0.753202
0.965951
0.805999
0.756821
0.939695
0.889492
0.472697
0.910359
0.448843
0.912822
0.802592
0.479626
0.917647
0.731263
0.005382
0.500694
0.690268
0.007756
0.057124
0.445488
0.878321
0.340088
0.835775
0.826037
0.184066
0.781785
0.675201
0.566072
0.328870
0.490109
0.165368
0.618499
0.299355
0.935569
0.781785
0.331650
0.816108
0.138215
0.566072
0.500694
0.127428
0.007953
0.518553
0.299355
0.720166
0.857680
0.838975
0.320626
0.694024
0.415910
0.328870
0.309861
0.872561
0.989651
0.939695
0.317910
0.073587
0.999706
0.742279
0.018990
0.788787
0.507806
0.785294
0.949372
0.069681
0.910359
0.540307
0.357396
0.603430
0.326106
0.694024
0.030140
0.239542
0.476156
0.671426
0.337259
0.257595
0.076854
0.588423
0.435503
0.184066
0.959766
0.767601
0.749572
0.286589
0.514960
0.949372
0.243961
0.384425
0.869639
0.588423
0.920009
0.716451
0.547629
0.412694
0.035463
0.294200
0.592168
0.167000
0.720166
0.547629
0.200629
0.965951
0.771169
0.785294
0.949372
0.809388
0.551303
0.727572
0.455594
0.533019
0.802592
0.304576
0.415910
0.822748
0.749572
0.558673
0.663870
0.390601
0.200629
0.372256
0.819438
0.799167
0.799167
0.317910
0.522155
0.686506
0.753202
0.705265
0.977708
0.366265
0.912822
0.686506
0.018990
