		  NONPERIODIC TEMPLATES TEST
-------------------------------------------------------------------------------------
		  COMPUTATIONAL INFORMATION
-------------------------------------------------------------------------------------
	LAMBDA = 3.812500	M = 1960	N = 8	m = 9	n = 15680
-------------------------------------------------------------------------------------
		F R E Q U E N C Y
Template   W_1  W_2  W_3  W_4  W_5  W_6  W_7  W_8    Chi^2   P_value Assignment Index
-------------------------------------------------------------------------------------
000000001    2    1    4    3    3    4    6    4  4.703096 0.788787 SUCCESS   0
000000011    2    2    1   10    3    3    6    2 16.794360 0.032323 SUCCESS   1
000000101    3    3    2    3    2    4    6    1  5.750105 0.675201 SUCCESS   2
000000111    2    3    2    8    5    4    3    2  8.148093 0.419139 SUCCESS   3
000001001    2    5    6    1    5    3    2    6  7.438829 0.490109 SUCCESS   4
000001011    3    2    2    4    2    3    4    1  5.175939 0.738617 SUCCESS   5
000001101    4    4    1    5    6    3    4    8  8.756034 0.363293 SUCCESS   6
000001111    6    3    7    9    5    5    5    5 13.011618 0.111450 SUCCESS   7
000010001    2    4    4    3    7    9    2    1 14.126176 0.078535 SUCCESS   8
000010011    2    5    7    4    3    2    3    8 10.005690 0.264627 SUCCESS   9
000010101    4    7    5    1    3    5    3    2  6.898437 0.547629 SUCCESS  10
000010111    6    3    1    3    6    2    5    8 11.086473 0.196848 SUCCESS  11
000011001    3    5    3    2    3    1    5    5  4.703096 0.788787 SUCCESS  12
000011011    4    3    1    3    6    1    2    3  6.999761 0.536658 SUCCESS  13
000011101    2    4    3    4    2    2    2    6  5.040841 0.753202 SUCCESS  14
000011111    3    3    3    5    4    4    6    3  2.406432 0.965951 SUCCESS  15
000100011    3    3    5    5    5    4    2    1  4.534224 0.805999 SUCCESS  16
000100101    3    6    4    5    4    7    4    5  5.007067 0.756821 SUCCESS  17
000100111    5    2    5    3    4    3    4    2  2.913049 0.939695 SUCCESS  18
000101001    4    3    3    2    3    6    4    2  3.622313 0.889492 SUCCESS  19
000101011    2    7    2    1    3    5    5    4  7.607702 0.472697 SUCCESS  20
000101101    4    4    6    5    3    3    6    4  3.352117 0.910359 SUCCESS  21
000101111    5    3    2    1    6    5    6    6  7.844123 0.448843 SUCCESS  22
000110011    5    4    2    4    3    3    6    5  3.318343 0.912822 SUCCESS  23
000110101    3    4    5    3    2    3    4    7  4.567998 0.802592 SUCCESS  24
000110111    5    2    2    6    3    2    1    2  7.540153 0.479626 SUCCESS  25
000111001    3    4    3    3    5    4    1    3  3.250794 0.917647 SUCCESS  26
000111011    3    1    5    4    5    2    2    5  5.243488 0.731263 SUCCESS  27
000111101    3    3   11    6    2    5    1    7 21.759208 0.005382 FAILURE  28
000111111    6    3    2    3    6    5    7    5  7.337506 0.500694 SUCCESS  29
001000011    5    4    5    5    3    3    0    3  5.615007 0.690268 SUCCESS  30
001000101    1    2    3    1    6   11    3    4 20.779749 0.007756 FAILURE  31
001000111    6    3    9    7    1    6    3    4 15.105636 0.057124 SUCCESS  32
001001011    4    4    4    8    3    7    4    3  7.877897 0.445488 SUCCESS  33
001001101    2    2    3    4    2    2    4    4  3.757411 0.878321 SUCCESS  34
001001111    4    5    0    7    4    3    2    2  9.026230 0.340088 SUCCESS  35
001010011    5    2    5    4    4    6    5    2  4.230254 0.835775 SUCCESS  36
001010101    2    4    4    1    5    2    4    4  4.331577 0.826037 SUCCESS  37
001010111    0    4    7    1    3    1    4    3 11.322894 0.184066 SUCCESS  38
001011011    4    5    4    3    2    5    7    3  4.770645 0.781785 SUCCESS  39
001011101    3    4    0    2    5    3    3    4  5.750105 0.675201 SUCCESS  40
001011111    3    4    1    2    5    7    4    5  6.729565 0.566072 SUCCESS  41
001100101    1    7    2    3    4    3    1    2  9.161328 0.328870 SUCCESS  42
001100111    6    3    1    6    2    5    5    2  7.438829 0.490109 SUCCESS  43
001101011    2    4    8    0    2    2    3    3 11.694414 0.165368 SUCCESS  44
001101101    4    2    3    3    0    4    2    3  6.256722 0.618499 SUCCESS  45
001101111    3    1    3    7    1    1    4    4  9.532847 0.299355 SUCCESS  46
001110101    5    5    3    4    6    3    3    5  2.980598 0.935569 SUCCESS  47
001110111    4    1    4    6    5    3    5    5  4.770645 0.781785 SUCCESS  48
001111011    5    5    8    6    3    4    1    4  9.127553 0.331650 SUCCESS  49
001111101    4    3    5    4    6    6    5    2  4.432900 0.816108 SUCCESS  50
001111111    2    1    3    5    5    3    9    2 12.302354 0.138215 SUCCESS  51
010000011    3    3    5    3    2    4    3    8  6.729565 0.566072 SUCCESS  52
010000111    1    3    6    3    2    2    2    2  7.337506 0.500694 SUCCESS  53
010001011    3    3    7    2    6    9    4    4 12.572550 0.127428 SUCCESS  54
010001111    6    2   10    7    5    3    1    7 20.712200 0.007953 FAILURE  55
010010011    2    5    3    3    5    2    1    1  7.168633 0.518553 SUCCESS  56
010010111    0    4    1    4    6    2    5    2  9.532847 0.299355 SUCCESS  57
010011011    4    5    6    5    1    5    5    5  5.344811 0.720166 SUCCESS  58
010011111    2    5    1    4    5    4    3    4  3.993832 0.857680 SUCCESS  59
010100011    2    3    3    4    6    3    3    6  4.196479 0.838975 SUCCESS  60
010100111    3    7    2    3    7    4    5    1  9.262651 0.320626 SUCCESS  61
010101011    4    3    3    2    4    0    5    4  5.581233 0.694024 SUCCESS  62
010101111    3    5    3    2    5    1    6    7  8.181868 0.415910 SUCCESS  63
010110011    6    6    7    3    6    2    3    6  9.161328 0.328870 SUCCESS  64
010110111    5    1    2    4    2    3    8    3  9.397749 0.309861 SUCCESS  65
010111011    5    1    4    4    2    5    4    4  3.824960 0.872561 SUCCESS  66
010111111    4    4    3    2    3    4    4    5  1.663393 0.989651 SUCCESS  67
011000111    5    4    3    3    5    4    2    2  2.913049 0.939695 SUCCESS  68
011001111    4    3    2    6    2    4    6    8  9.296425 0.317910 SUCCESS  69
011010111    5    5   10    4    1    3    4    2 14.328823 0.073587 SUCCESS  70
011011111    5    4    4    4    3    4    4    4  0.616384 0.999706 SUCCESS  71
011101111    6    3    6    6    4    2    4    3  5.142165 0.742279 SUCCESS  72
011111111    3    1    8    5    6    1    9    3 18.314212 0.018990 SUCCESS  73
100000000    2    1    4    3    3    4    6    4  4.703096 0.788787 SUCCESS  74
100010000    3    6    7    2    4    4    1    4  7.269957 0.507806 SUCCESS  75
100100000    2    5    2    6    4    4    2    5  4.736871 0.785294 SUCCESS  76
100101000    2    4    3    4    2    5    4    5  2.744176 0.949372 SUCCESS  77
100110000    5    6    1    5    8    6    1    1 14.497695 0.069681 SUCCESS  78
100111000    5    6    6    4    3    3    4    4  3.352117 0.910359 SUCCESS  79
101000000    3    4    4    7    4    5    7    2  6.965986 0.540307 SUCCESS  80
101000100    0    6    4    5    2    4    1    3  8.823583 0.357396 SUCCESS  81
101001000    3    6    2    3    2    6    6    5  6.391820 0.603430 SUCCESS  82
101001100    5    2    2    5    1    7    2    2  9.195102 0.326106 SUCCESS  83
101010000    1    3    3    2    6    4    2    4  5.581233 0.694024 SUCCESS  84
101010100    1   10    5    2    3    6    2    2 16.997007 0.030140 SUCCESS  85
101011000    2    4    1    0    5    2    4    1 10.377209 0.239542 SUCCESS  86
101011100    6    2    5    3    3    1    1    5  7.573927 0.476156 SUCCESS  87
101100000    6    4    2    4    3    5    1    2  5.783880 0.671426 SUCCESS  88
101100100    3    4    2    2    3    8    2    6  9.060004 0.337259 SUCCESS  89
101101000    2    2    6    6    1    1    3    6 10.107013 0.257595 SUCCESS  90
101101100    9    4    5    2    1    5    5    7 14.193725 0.076854 SUCCESS  91
101110000    7    3    2    5    3    2    2    5  6.526918 0.588423 SUCCESS  92
101110100    6    5    4    3    2    0    6    4  7.979221 0.435503 SUCCESS  93
101111000    2    1    2    1    4    1    7    5 11.322894 0.184066 SUCCESS  94
101111100    4    3    4    1    4    4    4    3  2.541530 0.959766 SUCCESS  95
110000000    2    3    4    4    5    4    6    1  4.905743 0.767601 SUCCESS  96
110000010    5    2    5    2    2    6    3    3  5.074616 0.749572 SUCCESS  97
110000100    3    2    1    5    0    6    4    2  9.701719 0.286589 SUCCESS  98
110001000    3    1    6    3    5    2    1    4  7.202408 0.514960 SUCCESS  99
110001010    3    4    3    2    4    3    6    4  2.744176 0.949372 SUCCESS 100
110010000    3    6    3    4    2    2    1    8 10.309660 0.243961 SUCCESS 101
110010010    6    0    3    5    5    6    2    3  8.519612 0.384425 SUCCESS 102
110010100    1    5    4    5    5    4    3    5  3.858734 0.869639 SUCCESS 103
110011000    4    6    2    2    6    5    2    2  6.526918 0.588423 SUCCESS 104
110011010    2    4    3    3    3    2    2    4  3.217019 0.920009 SUCCESS 105
110100000    2    2    1    4    3    2    4    5  5.378586 0.716451 SUCCESS 106
110100010    1    4    7    5    5    3    3    2  6.898437 0.547629 SUCCESS 107
110100100    3    3    3    7    3    4    8    4  8.215642 0.412694 SUCCESS 108
110101000    0    5    6    2    9    4    4    7 16.524164 0.035463 SUCCESS 109
110101010    3    9    4    3    2    4    3    2  9.600396 0.294200 SUCCESS 110
110101100    2    5    4    0    5    2    4    4  6.493144 0.592168 SUCCESS 111
110110000    8    2    3    3    3    8    5    5 11.660639 0.167000 SUCCESS 112
110110010    4    5    3    2    4    6    6    6  5.344811 0.720166 SUCCESS 113
110110100    3    1    5    4    3    5    2    7  6.898437 0.547629 SUCCESS 114
110111000    5    3    0    7    1    3    3    6 11.018924 0.200629 SUCCESS 115
110111010    6    5    4    3    3    4    3    3  2.406432 0.965951 SUCCESS 116
110111100    4    2    1    5    2    4    5    3  4.871969 0.771169 SUCCESS 117
111000000    3    3    5    1    4    3    6    5  4.736871 0.785294 SUCCESS 118
111000010    5    3    2    5    3    3    3    5  2.744176 0.949372 SUCCESS 119
111000100    3    1    3    2    5    5    3    3  4.500449 0.809388 SUCCESS 120
111000110    3    5    1    6    3    3    5    1  6.864663 0.551303 SUCCESS 121
111001000    6    3    4    6    3    4    1    3  5.277262 0.727572 SUCCESS 122
111001010    2    4    3    3    4    2    2    8  7.776574 0.455594 SUCCESS 123
111001100    5    6    1    5    2    2    2    3  7.033535 0.533019 SUCCESS 124
111010000    4    2    4    4    4    2    7    4  4.567998 0.802592 SUCCESS 125
111010010    3    5    2    7    3    3    8    3  9.465298 0.304576 SUCCESS 126
111010100    1    6    7    2    5    3    5    3  8.181868 0.415910 SUCCESS 127
111010110    2    7    4    3    3    3    3    4  4.365351 0.822748 SUCCESS 128
111011000    5    1    2    6    3    4    3    4  5.074616 0.749572 SUCCESS 129
111011010    7    2    6    4    5    3    4    6  6.797114 0.558673 SUCCESS 130
111011100    5    4    1    6    3    3    6    5  5.851429 0.663870 SUCCESS 131
111100000    1    4    4    0    6    2    4    3  8.452063 0.390601 SUCCESS 132
111100010    3    0    2    2    8    4    5    4 11.018924 0.200629 SUCCESS 133
111100100    5    2    4    7    3    3    1    1  8.654710 0.372256 SUCCESS 134
111100110    5    4    3    6    2    5    5    2  4.399126 0.819438 SUCCESS 135
111101000    4    2    3    6    6    3    5    5  4.601773 0.799167 SUCCESS 136
111101010    4    7    6    3    4    3    3    4  4.601773 0.799167 SUCCESS 137
111101100    4    2    3    8    5    7    3    3  9.296425 0.317910 SUCCESS 138
111101110    7    6    2    5    3    2    5    5  7.134859 0.522155 SUCCESS 139
111110000    2    5    5    1    4    6    5    3  5.648782 0.686506 SUCCESS 140
111110010    3    2    6    3    3    1    3    4  5.040841 0.753202 SUCCESS 141
111110100    4    3    4    5    4    7    4    1  5.479909 0.705265 SUCCESS 142
111110110    4    4    4    5    4    5    6    4  2.102461 0.977708 SUCCESS 143
111111000    1    4    2    2    5    7    6    5  8.722259 0.366265 SUCCESS 144
111111010    5    6    3    5    2    3    4    4  3.318343 0.912822 SUCCESS 145
111111100    1    3    4    3    6    5    6    3  5.648782 0.686506 SUCCESS 146
111111110    3    1    8    5    6    1    9    3 18.314212 0.018990 SUCCESS 147

