0.785294
0.922337
0.152790
0.894898
0.077690
0.749572
0.393712
0.641175
0.958127
0.230892
0.479626
0.493626
0.412694
0.033859
0.237356
0.419139
0.246194
0.857680
0.220426
0.886744
0.259923
0.663870
0.863712
0.008360
0.119822
0.366265
0.299355
0.432202
0.742279
0.712729
0.788787
0.920009
0.851543
0.992228
0.055244
0.607193
0.445488
0.387505
0.044094
0.511378
0.614727
0.360337
0.409494
0.098287
0.686506
0.995649
0.109155
0.296769
0.727572
0.622274
0.068922
0.626051
0.525767
0.062425
0.132727
0.883966
0.381359
0.476156
0.152790
0.694024
0.033469
0.235186
0.753202
0.387505
0.204470
0.872561
0.066691
0.727572
0.678972
0.158974
0.558673
0.641175
0.366265
0.469251
0.802592
0.406308
0.218379
0.511378
0.007377
0.675201
0.723873
0.075204
0.618499
0.483108
0.425642
0.799167
0.701523
0.105789
0.734945
0.753202
0.438817
0.529388
0.652524
0.716451
0.095219
0.006672
0.915251
0.399980
0.860709
0.652524
0.026492
0.805999
0.749572
0.872561
0.177074
0.044598
0.929112
0.038886
0.656307
0.000442
0.947510
0.886744
0.745931
0.340088
0.312528
0.284084
0.148286
0.354472
0.660089
0.889492
0.588423
0.326106
0.872561
0.915251
0.842153
0.573498
0.663870
0.486603
0.667649
0.701523
0.771169
0.536658
0.690268
0.924630
0.749572
0.745931
0.860709
0.959766
0.767601
0.788787
0.507806
0.483108
0.678972
0.675201
0.351563
0.709000
0.547629
0.469251
