		  NONPERIODIC TEMPLATES TEST
-------------------------------------------------------------------------------------
		  COMPUTATIONAL INFORMATION
-------------------------------------------------------------------------------------
	LAMBDA = 3.812500	M = 1960	N = 8	m = 9	n = 15680
-------------------------------------------------------------------------------------
		F R E Q U E N C Y
Template   W_1  W_2  W_3  W_4  W_5  W_6  W_7  W_8    Chi^2   P_value Assignment Index
-------------------------------------------------------------------------------------
000000001    3    3    6    4    2    2    4    6  4.736871 0.785294 SUCCESS   0
000000011    5    4    5    5    5    2    5    5  3.183245 0.922337 SUCCESS   1
000000101    3    5    1    3    1    0    1    2 11.964609 0.152790 SUCCESS   2
000000111    5    5    3    5    5    3    5    6  3.554764 0.894898 SUCCESS   3
000001001    5    5    9    2    3    1    3    7 14.159951 0.077690 SUCCESS   4
000001011    5    6    1    4    2    3    4    3  5.074616 0.749572 SUCCESS   5
000001101    7    1    6    5    5    6    4    3  8.418289 0.393712 SUCCESS   6
000001111    6    6    4    2    6    5    2    4  6.054075 0.641175 SUCCESS   7
000010001    3    5    4    3    3    2    5    5  2.575304 0.958127 SUCCESS   8
000010011    6    4    8    1    1    4    4    3 10.512307 0.230892 SUCCESS   9
000010101    4    0    5    4    2    4    3    1  7.540153 0.479626 SUCCESS  10
000010111    3    4    1    7    3    4    1    4  7.405055 0.493626 SUCCESS  11
000011001    1    5    2    5    5    6    4    7  8.215642 0.412694 SUCCESS  12
000011011    5    3    1    2    8    9    3    2 16.659262 0.033859 SUCCESS  13
000011101    2    3    4    6    5    3    8    7 10.410983 0.237356 SUCCESS  14
000011111    4    7    2    1    4    6    3    2  8.148093 0.419139 SUCCESS  15
000100011    1    4    7    2    2    1    6    3 10.275885 0.246194 SUCCESS  16
000100101    3    4    3    1    4    6    4    3  3.993832 0.857680 SUCCESS  17
000100111    6    5    8    1    3    2    2    3 10.681179 0.220426 SUCCESS  18
000101001    6    4    3    2    2    4    5    4  3.656087 0.886744 SUCCESS  19
000101011    4    1    3    4    3    7    0    2 10.073239 0.259923 SUCCESS  20
000101101    5    5    3    2    4    7    5    2  5.851429 0.663870 SUCCESS  21
000101111    2    2    4    3    4    3    2    2  3.926283 0.863712 SUCCESS  22
000110011    2    8    7    9    4    6    7    2 20.577102 0.008360 FAILURE  23
000110101    4    3    8    3    6    2    7    7 12.775197 0.119822 SUCCESS  24
000110111    3    4    6    3    5    7    0    4  8.722259 0.366265 SUCCESS  25
000111001    6    6    5    5    1    6    7    4  9.532847 0.299355 SUCCESS  26
000111011    1    2    3    5    7    6    4    5  8.012995 0.432202 SUCCESS  27
000111101    2    4    5    5    4    2    6    6  5.142165 0.742279 SUCCESS  28
000111111    4    5    1    4    5    3    3    1  5.412360 0.712729 SUCCESS  29
001000011    2    4    1    3    4    6    4    3  4.703096 0.788787 SUCCESS  30
001000101    2    2    3    4    3    4    3    2  3.217019 0.920009 SUCCESS  31
001000111    2    4    6    3    5    4    6    4  4.061381 0.851543 SUCCESS  32
001001011    4    3    4    3    5    5    5    4  1.528295 0.992228 SUCCESS  33
001001101    4    5    5    3    2    2    1   10 15.206959 0.055244 SUCCESS  34
001001111    6    3    7    3    4    3    2    2  6.358046 0.607193 SUCCESS  35
001010011    5    6    5    4    4    3    8    2  7.877897 0.445488 SUCCESS  36
001010101    2    1    1    6    5    3    3    6  8.485838 0.387505 SUCCESS  37
001010111    3    1    4    3    4   10    1    2 15.882449 0.044094 SUCCESS  38
001011011    2    7    1    4    2    4    5    3  7.236182 0.511378 SUCCESS  39
001011101    6    4    4    6    3    5    7    5  6.290497 0.614727 SUCCESS  40
001011111    2    2    6    3    5    1    1    2  8.789808 0.360337 SUCCESS  41
001100101    0    1    3    3    3    3    6    3  8.249417 0.409494 SUCCESS  42
001100111    1    4    4    9    5    6    3    1 13.416912 0.098287 SUCCESS  43
001101011    2    5    3    5    5    1    4    6  5.648782 0.686506 SUCCESS  44
001101101    2    3    4    4    4    4    4    3  1.291874 0.995649 SUCCESS  45
001101111    3    5    6    0    5    8    2    6 13.079167 0.109155 SUCCESS  46
001110101    0    4    1    4    3    3    7    5  9.566621 0.296769 SUCCESS  47
001110111    4    1    4    6    5    5    3    2  5.277262 0.727572 SUCCESS  48
001111011    3    2    4    4    4    4    5    8  6.222948 0.622274 SUCCESS  49
001111101    5    9    4    0    6    6    3    3 14.531470 0.068922 SUCCESS  50
001111111    5    4    4    7    4    1    4    2  6.189173 0.626051 SUCCESS  51
010000011    2    4    4    2    7    5    2    6  7.101084 0.525767 SUCCESS  52
010000111    2    6    0    4    5    2    9    3 14.835440 0.062425 SUCCESS  53
010001011    1    5    2    3    7    6    0    2 12.437452 0.132727 SUCCESS  54
010001111    4    3    5    4    4    3    7    3  3.689862 0.883966 SUCCESS  55
010010011    7    6    4    3    1    2    4    6  8.553387 0.381359 SUCCESS  56
010010111    7    3    3    1    5    3    2    2  7.573927 0.476156 SUCCESS  57
010011011    3    6    6    6    2    1    1    7 11.964609 0.152790 SUCCESS  58
010011111    6    2    4    2    4    3    3    1  5.581233 0.694024 SUCCESS  59
010100011    1    3    6    8    2    3    9    4 16.693036 0.033469 SUCCESS  60
010100111    1    6    3    0    5    5    4    1 10.444758 0.235186 SUCCESS  61
010101011    3    2    1    5    3    2    4    5  5.040841 0.753202 SUCCESS  62
010101111    3    1    6    1    5    6    2    3  8.485838 0.387505 SUCCESS  63
010110011    1    3    2    4    6    1    0    5 10.951375 0.204470 SUCCESS  64
010110111    4    5    2    6    3    3    2    4  3.824960 0.872561 SUCCESS  65
010111011    7    6    3    7    5    4    9    4 14.632793 0.066691 SUCCESS  66
010111111    4    2    7    3    4    3    2    5  5.277262 0.727572 SUCCESS  67
011000111    6    6    2    5    3    6    5    4  5.716331 0.678972 SUCCESS  68
011001111    2    8    2    8    4    5    3    4 11.829511 0.158974 SUCCESS  69
011010111    4    5    3    4    8    3    4    6  6.797114 0.558673 SUCCESS  70
011011111    3    3    4    6    3    7    3    6  6.054075 0.641175 SUCCESS  71
011101111    5    2    6    8    3    3    3    2  8.722259 0.366265 SUCCESS  72
011111111    6    1    3    7    5    4    2    4  7.641476 0.469251 SUCCESS  73
100000000    4    3    6    4    2    2    4    6  4.567998 0.802592 SUCCESS  74
100010000    3    4    0    5    1    3    3    6  8.283191 0.406308 SUCCESS  75
100100000    6    6    1    3    6    2    2    7 10.714954 0.218379 SUCCESS  76
100101000    2    5    2    2    2    5    7    3  7.236182 0.511378 SUCCESS  77
100110000    8    8    3    2    3    7    9    3 20.914846 0.007377 FAILURE  78
100111000    1    4    3    3    6    3    2    2  5.750105 0.675201 SUCCESS  79
101000000    5    3    6    4    2    2    6    5  5.311037 0.723873 SUCCESS  80
101000100    3    9    4    3    0    1    3    5 14.261274 0.075204 SUCCESS  81
101001000    4    2    6    6    6    6    3    4  6.256722 0.618499 SUCCESS  82
101001100    4    7    5    5    1    3    6    5  7.506378 0.483108 SUCCESS  83
101010000    3    5    3    8    4    6    6    4  8.080544 0.425642 SUCCESS  84
101010100    1    4    5    4    5    5    4    6  4.601773 0.799167 SUCCESS  85
101011000    3    3    2    3    2    1    3    2  5.513684 0.701523 SUCCESS  86
101011100    3    1    2    4    8    4    0    6 13.180491 0.105789 SUCCESS  87
101100000    4    2    5    2    4    1    4    2  5.209713 0.734945 SUCCESS  88
101100100    3    3    5    4    5    2    2    1  5.040841 0.753202 SUCCESS  89
101101000    1    7    4    4    1    4    4    2  7.945446 0.438817 SUCCESS  90
101101100    4    3    1    6    2    5    6    2  7.067310 0.529388 SUCCESS  91
101110000    3    1    2    3    6    4    2    5  5.952752 0.652524 SUCCESS  92
101110100    5    5    7    5    3    6    4    4  5.378586 0.716451 SUCCESS  93
101111000    4    4    1    1    8    5    3    0 13.518235 0.095219 SUCCESS  94
101111100    1    7   11    2    4    3    2    5 21.185042 0.006672 FAILURE  95
110000000    4    4    5    5    4    3    3    1  3.284568 0.915251 SUCCESS  96
110000010    2    8    5    1    4    3    4    4  8.350740 0.399980 SUCCESS  97
110000100    4    2    2    2    2    4    4    5  3.960058 0.860709 SUCCESS  98
110001000    1    2    3    6    2    5    4    3  5.952752 0.652524 SUCCESS  99
110001010    6    7    1    2    4    2    1    9 17.368526 0.026492 SUCCESS 100
110010000    6    2    2    5    3    4    4    2  4.534224 0.805999 SUCCESS 101
110010010    5    4    2    1    5    5    4    2  5.074616 0.749572 SUCCESS 102
110010100    4    2    2    3    5    4    6    3  3.824960 0.872561 SUCCESS 103
110011000    8    2    4    2    2    4    6    7 11.457992 0.177074 SUCCESS 104
110011010    4    9    9    4    2    4    4    5 15.848675 0.044598 SUCCESS 105
110100000    3    1    5    4    4    3    3    4  3.081921 0.929112 SUCCESS 106
110100010    3    9    3    1    5    6    0    2 16.253968 0.038886 SUCCESS 107
110100100    5    5    4    6    2    6    5    6  5.918978 0.656307 SUCCESS 108
110101000    7    2    5    9    3    4   11    7 28.176360 0.000442 FAILURE 109
110101010    2    5    5    3    3    4    5    5  2.777951 0.947510 SUCCESS 110
110101100    3    5    3    5    5    1    4    4  3.656087 0.886744 SUCCESS 111
110110000    5    2    4    1    5    4    4    6  5.108390 0.745931 SUCCESS 112
110110010    2    2    5    6    6    1    4    1  9.026230 0.340088 SUCCESS 113
110110100    1    7    2    3    4    2    5    1  9.363974 0.312528 SUCCESS 114
110111000    1    2    2    4    8    3    4    2  9.735494 0.284084 SUCCESS 115
110111010    8    7    3    5    5    7    4    2 12.065933 0.148286 SUCCESS 116
110111100    5    2    2    4    4    7    4    0  8.857357 0.354472 SUCCESS 117
111000000    2    1    2    4    2    3    4    2  5.885203 0.660089 SUCCESS 118
111000010    5    2    5    2    3    2    4    4  3.622313 0.889492 SUCCESS 119
111000100    2    3    3    3    5    6    6    1  6.526918 0.588423 SUCCESS 120
111000110    3    5    0    4    6    2    1    5  9.195102 0.326106 SUCCESS 121
111001000    3    1    5    4    5    5    3    3  3.824960 0.872561 SUCCESS 122
111001010    4    4    3    6    4    4    2    2  3.284568 0.915251 SUCCESS 123
111001100    5    2    3    1    3    4    5    4  4.162705 0.842153 SUCCESS 124
111010000    2    1    5    2    4    2    6    3  6.662016 0.573498 SUCCESS 125
111010010    3    6    2    5    3    3    4    7  5.851429 0.663870 SUCCESS 126
111010100    5    2    3    4    2    5    8    4  7.472604 0.486603 SUCCESS 127
111010110    5    7    3    5    2    3    2    3  5.817654 0.667649 SUCCESS 128
111011000    4    1    4    6    6    4    5    5  5.513684 0.701523 SUCCESS 129
111011010    2    1    3    6    4    3    4    3  4.871969 0.771169 SUCCESS 130
111011100    3    2    1    1    5    2    4    5  6.999761 0.536658 SUCCESS 131
111100000    2    5    4    2    4    6    1    4  5.615007 0.690268 SUCCESS 132
111100010    3    5    5    4    6    4    4    2  3.149470 0.924630 SUCCESS 133
111100100    3    3    4    2    6    5    4    1  5.074616 0.749572 SUCCESS 134
111100110    3    3    5    2    2    6    6    4  5.108390 0.745931 SUCCESS 135
111101000    3    3    3    2    6    2    3    3  3.960058 0.860709 SUCCESS 136
111101010    3    3    4    4    2    4    2    5  2.541530 0.959766 SUCCESS 137
111101100    3    1    6    4    5    2    4    4  4.905743 0.767601 SUCCESS 138
111101110    4    2    2    3    3    6    2    5  4.703096 0.788787 SUCCESS 139
111110000    2    6    7    2    4    3    2    5  7.269957 0.507806 SUCCESS 140
111110010    2    4    3    3    4    3    1    0  7.506378 0.483108 SUCCESS 141
111110100    3    4    2    4    3    1    3    1  5.716331 0.678972 SUCCESS 142
111110110    4    1    4    4    5    2    3    1  5.750105 0.675201 SUCCESS 143
111111000    2    5    7    2    2    3    3    7  8.891132 0.351563 SUCCESS 144
111111010    6    2    1    5    4    3    5    3  5.446135 0.709000 SUCCESS 145
111111100    1    5    1    6    3    4    5    5  6.898437 0.547629 SUCCESS 146
111111110    6    1    3    7    5    4    2    4  7.641476 0.469251 SUCCESS 147

