0.819438
0.900180
0.054023
0.610958
0.291647
0.947510
0.378309
0.745931
0.276667
0.972849
0.734945
0.660089
0.200629
0.012118
0.469251
0.138215
0.204470
0.393712
0.902773
0.993341
0.573498
0.660089
0.224567
0.419139
0.276667
0.002909
0.483108
0.562369
0.905334
0.799167
0.357396
0.652524
0.143896
0.767601
0.701523
0.403136
0.860709
0.518553
0.348670
0.279123
0.875455
0.002762
0.419139
0.222489
0.351563
0.822748
0.018764
0.472697
0.760427
0.479626
0.663870
0.705265
0.805999
0.152790
0.939695
0.983931
0.264627
0.525767
0.004504
0.294200
0.435503
0.220426
0.584684
0.384425
0.618499
0.035463
0.809388
0.000990
0.255283
0.008678
0.872561
0.037568
0.745931
0.109155
0.745931
0.357396
0.566072
0.558673
0.543964
0.842153
0.709000
0.939695
0.087449
0.184066
0.678972
0.792264
0.838975
0.291647
0.136825
0.866689
0.458989
0.629830
0.103596
0.072001
0.985729
0.829305
0.212328
0.214330
0.127428
0.857680
0.610958
0.686506
0.514960
0.675201
0.448843
0.614727
0.118594
0.826037
0.422384
0.716451
0.851543
0.554984
0.091261
0.547629
0.675201
0.660089
0.929112
0.573498
0.915251
0.518553
0.869639
0.500694
0.633610
0.243961
0.412694
0.472697
0.648741
0.462397
0.819438
0.143896
0.745931
0.802592
0.412694
0.525767
0.985729
0.193124
0.551303
0.087449
0.363293
0.507806
0.778261
0.469251
0.103596
0.883966
0.175361
0.396839
0.366265
0.109155
