0.334447
0.334447
0.228768
0.177074
0.148286
0.910359
0.425642
0.781785
0.660089
0.334447
0.584684
0.005115
0.648741
0.493626
0.187646
0.044598
0.562369
0.151276
0.577221
0.842153
0.168645
0.458989
0.008465
0.569782
0.731263
0.381359
0.580949
0.764021
0.269395
0.511378
0.577221
0.682741
0.122312
0.116169
0.805999
0.854624
0.455594
0.185849
0.059062
0.001417
0.854624
0.016236
0.533019
0.202542
0.854624
0.455594
0.315211
0.372256
0.883966
0.108022
0.381359
0.366265
0.067428
0.428915
0.764021
0.128735
0.422384
0.235186
0.099329
0.171975
0.208369
0.007285
0.686506
0.279123
0.694024
0.066691
0.500694
0.301957
0.122312
0.173661
0.566072
0.569782
0.663870
0.978833
0.334447
0.951197
0.003669
0.764021
0.802592
0.961368
0.720166
0.393712
0.348670
0.360337
0.328870
0.043101
0.785294
0.154317
0.135447
0.312528
0.384425
0.660089
0.274226
0.078535
0.522155
0.323358
0.228768
0.384425
0.682741
0.749572
0.939695
0.020405
0.785294
0.690268
0.334447
0.317910
0.584684
0.554984
0.124847
0.020899
0.949372
0.926888
0.742279
0.507806
0.892211
0.926888
0.131385
0.393712
0.271802
0.044598
0.845308
0.294200
0.618499
0.112614
0.626051
0.974118
0.951197
0.025272
0.929112
0.648741
0.558673
0.999275
0.396839
0.577221
0.566072
0.294200
0.357396
0.393712
0.854624
0.588423
0.734945
0.727572
0.910359
0.252987
0.878321
0.956450
0.985729
0.978833
