0.354472
0.525767
0.569782
0.216347
0.009235
0.003440
0.540307
0.599672
0.738617
0.019220
0.024391
0.214330
0.675201
0.406308
0.709000
0.566072
0.465818
0.607193
0.103596
0.990341
0.334447
0.342933
0.284084
0.208369
0.425642
0.536658
0.533019
0.533019
0.838975
0.323358
0.465818
0.745931
0.551303
0.490109
0.378309
0.248442
0.547629
0.072790
0.428915
0.483108
0.819438
0.682741
0.393712
0.767601
0.875455
0.493626
0.422384
0.529388
0.490109
0.465818
0.656307
0.731263
0.291647
0.656307
0.239542
0.723873
0.315211
0.135447
0.554984
0.264627
0.809388
0.111450
0.802592
0.230892
0.228768
0.323358
0.778261
0.507806
0.507806
0.915251
0.044598
0.842153
0.462397
0.999762
0.354472
0.007756
0.301957
0.869639
0.819438
0.128735
0.562369
0.170303
0.224567
0.872561
0.809388
0.682741
0.511378
0.573498
0.216347
0.396839
0.937650
0.117376
0.926888
0.845308
0.435503
0.061739
0.980977
0.742279
0.749572
0.049940
0.835775
0.250707
0.262267
0.660089
0.301957
0.781785
0.121062
0.089337
0.157409
0.992798
0.857680
0.829305
0.428915
0.641175
0.767601
0.629830
0.097255
0.366265
0.809388
0.008678
0.802592
0.452212
0.051654
0.540307
0.204470
0.448843
0.610958
0.257595
0.723873
0.472697
0.428915
0.500694
0.342933
0.442146
0.369253
0.064526
0.805999
0.486603
0.799167
0.802592
0.771169
0.767601
0.712729
0.712729
0.607193
0.128735
0.905334
0.999762
