		  NONPERIODIC TEMPLATES TEST
-------------------------------------------------------------------------------------
		  COMPUTATIONAL INFORMATION
-------------------------------------------------------------------------------------
	LAMBDA = 3.812500	M = 1960	N = 8	m = 9	n = 15680
-------------------------------------------------------------------------------------
		F R E Q U E N C Y
Template   W_1  W_2  W_3  W_4  W_5  W_6  W_7  W_8    Chi^2   P_value Assignment Index
-------------------------------------------------------------------------------------
000000001    4    4    1    8    3    2    2    4  8.857357 0.354472 SUCCESS   0
000000011    3    5    3    8    5    2    3    3  7.101084 0.525767 SUCCESS   1
000000101    4    3    4    4    2    6    0    5  6.695791 0.569782 SUCCESS   2
000000111    5    5    6    7    6    1    1    5 10.748728 0.216347 SUCCESS   3
000001001    3   10    5    4    1    1    5    8 20.306906 0.009235 FAILURE   4
000001011    4    8    4    6    4   11    3    7 22.941315 0.003440 FAILURE   5
000001101    2    1    2    2    5    2    4    2  6.965986 0.540307 SUCCESS   6
000001111    5    6    5    5    6    3    1    5  6.425595 0.599672 SUCCESS   7
000010001    2    3    4    2    4    2    3    1  5.175939 0.738617 SUCCESS   8
000010011    2    9    3    6    1    0    6    6 18.280437 0.019220 SUCCESS   9
000010101    4    2   10    7    3    1    6    4 17.604947 0.024391 SUCCESS  10
000010111    4    4    4    5    3    9    3    7 10.782503 0.214330 SUCCESS  11
000011001    1    3    4    2    5    2    5    2  5.750105 0.675201 SUCCESS  12
000011011    3    2    1    2    5    6    5    1  8.283191 0.406308 SUCCESS  13
000011101    2    6    4    2    3    2    6    4  5.446135 0.709000 SUCCESS  14
000011111    4    5    1    5    6    4    1    5  6.729565 0.566072 SUCCESS  15
000100011    3    2    5    2    3    1    2    1  7.675250 0.465818 SUCCESS  16
000100101    4    7    4    1    2    4    3    5  6.358046 0.607193 SUCCESS  17
000100111    0    6    0    4    2    1    2    3 13.248040 0.103596 SUCCESS  18
000101001    4    3    3    3    4    4    3    2  1.629619 0.990341 SUCCESS  19
000101011    2    5    6    6    3    1    7    3  9.093779 0.334447 SUCCESS  20
000101101    5    4    2    6    5    8    4    6  8.992455 0.342933 SUCCESS  21
000101111    4    5    4    6    3    7    5    8  9.735494 0.284084 SUCCESS  22
000110011    6    3    3    2    6    1    8    3 10.883826 0.208369 SUCCESS  23
000110101    5    1    6    3    2    3    2    1  8.080544 0.425642 SUCCESS  24
000110111    2    1    3    1    3    3    6    4  6.999761 0.536658 SUCCESS  25
000111001    5    6    7    5    6    3    5    5  7.033535 0.533019 SUCCESS  26
000111011    4    1    4    2    3    1    5    6  7.033535 0.533019 SUCCESS  27
000111101    5    3    3    3    5    5    1    5  4.196479 0.838975 SUCCESS  28
000111111    4    6    1    4    5    3    0    6  9.228877 0.323358 SUCCESS  29
001000011    3    3    2    2    1    2    5    1  7.675250 0.465818 SUCCESS  30
001000101    4    6    1    4    6    3    4    3  5.108390 0.745931 SUCCESS  31
001000111    2    2    5    1    4    2    6    5  6.864663 0.551303 SUCCESS  32
001001011    3    6    4    1    4    2    7    3  7.438829 0.490109 SUCCESS  33
001001101    2    6    5    8    4    4    5    2  8.587161 0.378309 SUCCESS  34
001001111    0    5    2    4    5    1    5    1 10.242111 0.248442 SUCCESS  35
001010011    2    2    7    3    2    6    4    4  6.898437 0.547629 SUCCESS  36
001010101   10    4    4    7    3    2    4    3 14.362597 0.072790 SUCCESS  37
001010111    2    7    4    6    4    3    7    3  8.046770 0.428915 SUCCESS  38
001011011    2    5    3    7    5    7    4    3  7.506378 0.483108 SUCCESS  39
001011101    4    5    3    2    2    5    6    5  4.399126 0.819438 SUCCESS  40
001011111    3    3    7    4    2    6    4    5  5.682556 0.682741 SUCCESS  41
001100101    2    2    3    2    1    1    6    4  8.418289 0.393712 SUCCESS  42
001100111    6    6    2    3    3    3    2    4  4.905743 0.767601 SUCCESS  43
001101011    4    2    4    5    4    1    3    3  3.791185 0.875455 SUCCESS  44
001101101    5    5    1    4    5    3    4    0  7.405055 0.493626 SUCCESS  45
001101111    5    1    5    0    4    2    5    4  8.114319 0.422384 SUCCESS  46
001110101    5    4    4    2    3    0    6    5  7.067310 0.529388 SUCCESS  47
001110111    4    5    8    2    3    2    3    3  7.438829 0.490109 SUCCESS  48
001111011    4    6    2    4    8    5    3    3  7.675250 0.465818 SUCCESS  49
001111101    2    3    1    5    3    4    1    4  5.918978 0.656307 SUCCESS  50
001111111    5    3    5    2    4    5    1    2  5.243488 0.731263 SUCCESS  51
010000011    1    5    6    3    8    2    4    4  9.634170 0.291647 SUCCESS  52
010000111    3    5    2    4    1    4    3    1  5.918978 0.656307 SUCCESS  53
010001011    6    2    1    6    8    4    4    4 10.377209 0.239542 SUCCESS  54
010001111    3    4    4    2    7    4    3    6  5.311037 0.723873 SUCCESS  55
010010011    7    4    3    6    6    6    5    1  9.330200 0.315211 SUCCESS  56
010010111    2    5    6    3    6    2    9    3 12.369903 0.135447 SUCCESS  57
010011011    3    2    3    3    3    6    4    0  6.830888 0.554984 SUCCESS  58
010011111    2    0    1    4    2    1    4    4 10.005690 0.264627 SUCCESS  59
010100011    4    4    3    3    3    4    0    4  4.500449 0.809388 SUCCESS  60
010100111    1    2    8    1    4    3    3    7 13.011618 0.111450 SUCCESS  61
010101011    7    4    5    4    3    2    3    3  4.567998 0.802592 SUCCESS  62
010101111    3    7    2    6    2    2    7    2 10.512307 0.230892 SUCCESS  63
010110011    6    6    2    2    4    6    1    7 10.546081 0.228768 SUCCESS  64
010110111    1    4    2    3    8    5    4    2  9.228877 0.323358 SUCCESS  65
010111011    5    5    3    6    4    2    5    6  4.804420 0.778261 SUCCESS  66
010111111    4    2    2    6    3    5    7    2  7.269957 0.507806 SUCCESS  67
011000111    4    3    6    2    3    1    6    6  7.269957 0.507806 SUCCESS  68
011001111    5    4    3    4    5    4    1    3  3.284568 0.915251 SUCCESS  69
011010111    6    3   10    4    7    2    4    5 15.848675 0.044598 SUCCESS  70
011011111    5    2    4    4    1    3    3    5  4.162705 0.842153 SUCCESS  71
011101111    6    3    8    5    3    5    3    5  7.709025 0.462397 SUCCESS  72
011111111    4    4    3    4    4    4    3    3  0.582610 0.999762 SUCCESS  73
100000000    4    4    1    8    3    2    2    4  8.857357 0.354472 SUCCESS  74
100010000    8   10    6    5    2    5    4    7 20.779749 0.007756 FAILURE  75
100100000    4    8    6    5    5    3    1    5  9.499072 0.301957 SUCCESS  76
100101000    5    4    4    6    4    5    2    2  3.858734 0.869639 SUCCESS  77
100110000    3    5    4    2    7    4    3    4  4.399126 0.819438 SUCCESS  78
100111000    2    2    7    7    1    4    7    5 12.538776 0.128735 SUCCESS  79
101000000    5    4    2    5    3    2    6    7  6.763340 0.562369 SUCCESS  80
101000100    6    9    3    2    2    4    3    2 11.593090 0.170303 SUCCESS  81
101001000    1    1    3    5    2    7    1    4 10.613630 0.224567 SUCCESS  82
101001100    2    4    3    3    2    6    5    4  3.824960 0.872561 SUCCESS  83
101010000    3    2    4    5    2    4    4    1  4.500449 0.809388 SUCCESS  84
101010100    6    1    5    6    3    4    5    4  5.682556 0.682741 SUCCESS  85
101011000    1    3    6    3    2    5    6    2  7.236182 0.511378 SUCCESS  86
101011100    7    4    7    4    5    5    4    5  6.662016 0.573498 SUCCESS  87
101100000    1    3    1    3    2    6    4    0 10.748728 0.216347 SUCCESS  88
101100100    1    3    7    5    5    2    6    5  8.384515 0.396839 SUCCESS  89
101101000    4    2    4    3    6    3    4    5  2.946823 0.937650 SUCCESS  90
101101100    5    4    1    9    2    5    2    2 12.842746 0.117376 SUCCESS  91
101110000    2    4    3    5    2    4    5    5  3.115696 0.926888 SUCCESS  92
101110100    4    4    2    1    4    2    4    3  4.128930 0.845308 SUCCESS  93
101111000    3    2    4    0    6    4    5    6  7.979221 0.435503 SUCCESS  94
101111100    3    4   11    4    3    3    3    3 14.869215 0.061739 SUCCESS  95
110000000    3    4    2    5    4    3    3    3  2.001138 0.980977 SUCCESS  96
110000010    1    5    4    5    3    6    5    5  5.142165 0.742279 SUCCESS  97
110000100    1    6    4    5    3    2    4    3  5.074616 0.749572 SUCCESS  98
110001000    6    9    7    3    4    5    2    7 15.510930 0.049940 SUCCESS  99
110001010    5    4    2    4    6    6    3    3  4.230254 0.835775 SUCCESS 100
110010000    3    8    5    5    7    2    4    2 10.208336 0.250707 SUCCESS 101
110010010    2    2    3    2    1    3    7    1 10.039464 0.262267 SUCCESS 102
110010100    6    3    5    6    6    5    3    2  5.885203 0.660089 SUCCESS 103
110011000    6    6    4    0    5    6    4    6  9.499072 0.301957 SUCCESS 104
110011010    2    3    4    5    5    3    4    7  4.770645 0.781785 SUCCESS 105
110100000    3    6    2    3    7    3    4    9 12.741422 0.121062 SUCCESS 106
110100010    8    7    0    3    3    2    3    2 13.720882 0.089337 SUCCESS 107
110100100    0    1    2    4    2    7    5    2 11.863286 0.157409 SUCCESS 108
110101000    2    4    4    4    5    4    4    3  1.494521 0.992798 SUCCESS 109
110101010    3    1    6    3    3    4    4    4  3.993832 0.857680 SUCCESS 110
110101100    1    3    3    5    3    3    3    2  4.297803 0.829305 SUCCESS 111
110110000    0    5    1    3    2    3    3    3  8.046770 0.428915 SUCCESS 112
110110010    3    3    6    5    7    4    5    2  6.054075 0.641175 SUCCESS 113
110110100    4    4    3    1    6    5    2    4  4.905743 0.767601 SUCCESS 114
110111000    5    4    2    2    3    2    7    3  6.155399 0.629830 SUCCESS 115
110111010    4    8    1    2    8    5    5    3 13.450686 0.097255 SUCCESS 116
110111100    3    1    4    2    6    3    6    7  8.722259 0.366265 SUCCESS 117
111000000    1    4    4    3    5    2    2    4  4.500449 0.809388 SUCCESS 118
111000010    0    3    5   10    5    1    5    7 20.475778 0.008678 FAILURE 119
111000100    4    5    5    2    5    1    4    5  4.567998 0.802592 SUCCESS 120
111000110    7    1    6    2    4    3    5    3  7.810348 0.452212 SUCCESS 121
111001000    7    9    0    4    5    2    4    3 15.409606 0.051654 SUCCESS 122
111001010    7    3    4    6    5    6    3    2  6.965986 0.540307 SUCCESS 123
111001100    6    6    7    0    4    4    5    6 10.951375 0.204470 SUCCESS 124
111010000    6    6    1    3    3    6    3    6  7.844123 0.448843 SUCCESS 125
111010010    2    3    1    3    4    7    4    3  6.324271 0.610958 SUCCESS 126
111010100    6    8    7    4    5    5    3    5 10.107013 0.257595 SUCCESS 127
111010110    1    3    4    6    6    4    5    4  5.311037 0.723873 SUCCESS 128
111011000    3    3    3    4    2    1    6    7  7.607702 0.472697 SUCCESS 129
111011010    5    2    3    2    7    6    6    5  8.046770 0.428915 SUCCESS 130
111011100    5    2    4    3    0    2    2    3  7.337506 0.500694 SUCCESS 131
111100000    2    5    5    1    4    0    2    5  8.992455 0.342933 SUCCESS 132
111100010    3    4    3    0    4    6    1    3  7.911672 0.442146 SUCCESS 133
111100100    3    4    0    3    5    2    7    5  8.688485 0.369253 SUCCESS 134
111100110    3   10    5    1    4    4    6    5 14.734117 0.064526 SUCCESS 135
111101000    5    5    2    3    3    4    1    5  4.534224 0.805999 SUCCESS 136
111101010    5    2    4    3    4    8    2    5  7.472604 0.486603 SUCCESS 137
111101100    3    5    7    4    4    2    5    4  4.601773 0.799167 SUCCESS 138
111101110    6    4    3    5    5    1    3    4  4.567998 0.802592 SUCCESS 139
111110000    2    5    2    5    5    2    2    3  4.871969 0.771169 SUCCESS 140
111110010    2    2    4    3    4    3    7    4  4.905743 0.767601 SUCCESS 141
111110100    3    5    2    5    5    3    1    2  5.412360 0.712729 SUCCESS 142
111110110    4    1    4    2    3    4    2    6  5.412360 0.712729 SUCCESS 143
111111000    5    5    1    5    5    3    1    5  6.358046 0.607193 SUCCESS 144
111111010    4    5    6    5    3    9    2    1 12.538776 0.128735 SUCCESS 145
111111100    4    3    2    2    5    2    4    3  3.419666 0.905334 SUCCESS 146
111111110    4    4    3    4    4    4    3    3  0.582610 0.999762 SUCCESS 147

